0 0.5 0.8 0.8 0.8 0.8 0.8 0.8 0.8 0.5 0.8 0.8 0.8 0.8 0.8 0.5 1 0.8 0.75 1 1 0.8 0.75 0.8 0.5 0.8 1 0.5 0.5 0.5 0.75 1 0.8 1 0.8 0.75 0.8 0.8 0.5 0.8 0.8 0.8 1 1 0.5 1 0.5 0.8 0.8 0.75 1 0.5 0.5 0.8 0.5 1 0.8 0.75 0.75 0.8 0.8 1 0.5 0.5 0.5 0.8 0.5 1 0.8 0 0.5 0.8 0.5 0.8 0.75 0 1 0.75 1 0.5 0.8 0.8 0.8 0.8 0.5 0.8 0.75 0.8 1 1 0.75 0.5 0 0.8 0.75 0.75 0.8 0.8 0.5 0.8
0.5 0 0.8 0.5 0.5 0.8 0.5 0.8 0.5 0.8 0.5 0.8 0.8 0.5 0.5 0.8 0.75 0.5 1 0.75 0.75 0.5 1 0.5 0.5 0.5 0.75 0.8 0 0.8 0.75 1 0.8 0.75 0.5 1 0.5 0.5 0.8 0.5 0.5 0.5 0.75 0.75 0 0.75 0.8 0.5 0.5 0.333333333333333 1 0.8 0.8 0.8 0.8 0.75 0.5 0.333333333333333 0.333333333333333 0.5 0.8 0.75 0 0 0.5 0.8 0 0.75 0.5 0.5 0.8 0.5 0.8 0.5 1 0.5 0.75 1 0.75 0 0.8 0.8 0.8 0.8 0 0.5 0.75 0.5 0.75 1 0.333333333333333 0.8 0.5 0.5 1 1 0.8 0.8 0.8 0.8
0.8 0.8 0 0.8 0.5 0.5 0.5 0.5 0.8 0.5 0.8 0.5 0.5 0.8 0.5 0.5 1 0.5 0.75 0.75 1 0.8 0.75 0.8 0.5 0.5 0.75 0.8 0.8 0.5 0.75 0.75 0.5 1 0.8 0.75 0.8 0.5 0.8 0.5 0.8 0.8 0.75 1 0.8 0.75 0.5 0.5 0.5 1 0.75 0.5 0.5 0 0.8 1 0.5 1 1 0.5 0.5 0.75 0.8 0.8 0.5 0.5 0.8 1 0.5 0.8 0.5 0.5 0.5 0.8 0.75 0.8 0.75 0.75 1 0.8 0.5 0.5 0.5 0.5 0.8 0.8 0.75 0.8 1 0.75 1 0.8 0.8 0.5 0.75 0.75 0.5 0.5 0.5 0.5
0.8 0.5 0.8 0 0.5 0.8 0.5 0.8 0 0.8 0 0.5 0.8 0 0.5 0.8 0.333333333333333 0.5 1 0.75 0.75 0 1 0 0.8 0.5 0.75 0.8 0.5 0.8 1 1 0.5 0.333333333333333 0.5 1 0 0.5 0.8 0.5 0 0 0.75 0.75 0.5 0.75 0.8 0.5 0.5 0.75 1 0.8 0.8 0.8 0.8 0.75 0.5 0.75 0.75 0.5 0.5 0.75 0.5 0.5 0.8 0.8 0.5 0.333333333333333 0.5 0.8 0.8 0.5 0.8 0.5 1 0.8 0.75 1 0.333333333333333 0.5 0.8 0.8 0.8 0.8 0.5 0 1 0 0.333333333333333 1 0.75 0.8 0.8 0.5 1 1 0.5 0.8 0.8 0.8
0.8 0.5 0.5 0.5 0 0.8 0 0.8 0.5 0.5 0.5 0.8 0.8 0.5 0 0.5 0.75 0 0.75 0.333333333333333 0.75 0.5 0.75 0.5 0.8 0 0.333333333333333 0.8 0.5 0.5 1 1 0.8 0.75 0.5 0.75 0.5 0 0.8 0 0.5 0.5 0.333333333333333 0.75 0.5 0.333333333333333 0.5 0 0 0.75 1 0.5 0.5 0.5 0.8 0.75 0 0.75 0.75 0 0.8 0.333333333333333 0.5 0.5 0.8 0.8 0.5 0.75 0 0.8 0.5 0 0.5 0.5 0.75 0.8 0.333333333333333 0.75 0.75 0.5 0.8 0.8 0.8 0.8 0.5 0.5 1 0.5 0.75 1 0.75 0.8 0.8 0 0.75 0.75 0.8 0.8 0.5 0.8
0.8 0.8 0.5 0.8 0.8 0 0.8 0 0.8 0.8 0.8 0.5 0.5 0.8 0.8 0.8 1 0.8 1 1 1 0.8 1 0.8 0.5 0.8 1 0.8 0.8 0.8 0.75 0.75 0.5 1 0.8 1 0.8 0.8 0.5 0.8 0.8 0.8 1 1 0.8 1 0.8 0.8 0.8 1 0.75 0.8 0.8 0.5 0.5 1 0.8 1 1 0.8 0.5 1 0.8 0.8 0.5 0 0.8 1 0.8 0.8 0.8 0.8 0.8 0.8 1 0.8 1 1 1 0.8 0.5 0.5 0 0.5 0.8 0.8 0.75 0.8 1 0.75 1 0.8 0.8 0.8 1 1 0.5 0.5 0.8 0.5
0.8 0.5 0.5 0.5 0 0.8 0 0.8 0.5 0.5 0.5 0.8 0.8 0.5 0 0.5 0.75 0 0.75 0.333333333333333 0.75 0.5 0.75 0.5 0.8 0 0.333333333333333 0.8 0.5 0.5 1 1 0.8 0.75 0.5 0.75 0.5 0 0.8 0 0.5 0.5 0.333333333333333 0.75 0.5 0.333333333333333 0.5 0 0 0.75 1 0.5 0.5 0.5 0.8 0.75 0 0.75 0.75 0 0.8 0.333333333333333 0.5 0.5 0.8 0.8 0.5 0.75 0 0.8 0.5 0 0.5 0.5 0.75 0.8 0.333333333333333 0.75 0.75 0.5 0.8 0.8 0.8 0.8 0.5 0.5 1 0.5 0.75 1 0.75 0.8 0.8 0 0.75 0.75 0.8 0.8 0.5 0.8
0.8 0.8 0.5 0.8 0.8 0 0.8 0 0.8 0.8 0.8 0.5 0.5 0.8 0.8 0.8 1 0.8 1 1 1 0.8 1 0.8 0.5 0.8 1 0.8 0.8 0.8 0.75 0.75 0.5 1 0.8 1 0.8 0.8 0.5 0.8 0.8 0.8 1 1 0.8 1 0.8 0.8 0.8 1 0.75 0.8 0.8 0.5 0.5 1 0.8 1 1 0.8 0.5 1 0.8 0.8 0.5 0 0.8 1 0.8 0.8 0.8 0.8 0.8 0.8 1 0.8 1 1 1 0.8 0.5 0.5 0 0.5 0.8 0.8 0.75 0.8 1 0.75 1 0.8 0.8 0.8 1 1 0.5 0.5 0.8 0.5
0.8 0.5 0.8 0 0.5 0.8 0.5 0.8 0 0.8 0 0.5 0.8 0 0.5 0.8 0.333333333333333 0.5 1 0.75 0.75 0 1 0 0.8 0.5 0.75 0.8 0.5 0.8 1 1 0.5 0.333333333333333 0.5 1 0 0.5 0.8 0.5 0 0 0.75 0.75 0.5 0.75 0.8 0.5 0.5 0.75 1 0.8 0.8 0.8 0.8 0.75 0.5 0.75 0.75 0.5 0.5 0.75 0.5 0.5 0.8 0.8 0.5 0.333333333333333 0.5 0.8 0.8 0.5 0.8 0.5 1 0.8 0.75 1 0.333333333333333 0.5 0.8 0.8 0.8 0.8 0.5 0 1 0 0.333333333333333 1 0.75 0.8 0.8 0.5 1 1 0.5 0.8 0.8 0.8
0.5 0.8 0.5 0.8 0.5 0.8 0.5 0.8 0.8 0 0.8 0.8 0.8 0.8 0.5 0 1 0.5 0.333333333333333 0.75 1 0.8 0.333333333333333 0.8 0.8 0.5 0.75 0.5 0.8 0 1 1 0.8 1 0.8 0.333333333333333 0.8 0.5 0.5 0.5 0.8 0.8 0.75 1 0.8 0.75 0 0.5 0.5 1 1 0 0 0.5 0.5 1 0.5 1 1 0.5 0.8 0.75 0.8 0.8 0.8 0.8 0.8 1 0.5 0.5 0 0.5 0 0.8 0.333333333333333 0.5 0.75 0.333333333333333 1 0.8 0.8 0.8 0.8 0.8 0.8 0.8 1 0.8 1 1 1 0.5 0.5 0.5 0.333333333333333 0.333333333333333 0.8 0.8 0 0.8
0.8 0.5 0.8 0 0.5 0.8 0.5 0.8 0 0.8 0 0.5 0.8 0 0.5 0.8 0.333333333333333 0.5 1 0.75 0.75 0 1 0 0.8 0.5 0.75 0.8 0.5 0.8 1 1 0.5 0.333333333333333 0.5 1 0 0.5 0.8 0.5 0 0 0.75 0.75 0.5 0.75 0.8 0.5 0.5 0.75 1 0.8 0.8 0.8 0.8 0.75 0.5 0.75 0.75 0.5 0.5 0.75 0.5 0.5 0.8 0.8 0.5 0.333333333333333 0.5 0.8 0.8 0.5 0.8 0.5 1 0.8 0.75 1 0.333333333333333 0.5 0.8 0.8 0.8 0.8 0.5 0 1 0 0.333333333333333 1 0.75 0.8 0.8 0.5 1 1 0.5 0.8 0.8 0.8
0.8 0.8 0.5 0.5 0.8 0.5 0.8 0.5 0.5 0.8 0.5 0 0.5 0.5 0.8 0.8 0.75 0.8 1 1 1 0.5 1 0.5 0.5 0.8 1 0.8 0.8 0.8 0.75 0.75 0 0.75 0.8 1 0.5 0.8 0.8 0.8 0.5 0.5 1 1 0.8 1 0.8 0.8 0.8 1 0.75 0.8 0.8 0.5 0.8 1 0.8 1 1 0.8 0 1 0.8 0.8 0.5 0.5 0.8 0.75 0.8 0.8 0.8 0.8 0.8 0.8 1 0.8 1 1 0.75 0.8 0.5 0.5 0.5 0.5 0.8 0.5 0.75 0.5 0.75 0.75 1 0.8 0.8 0.8 1 1 0 0.5 0.8 0.5
0.8 0.8 0.5 0.8 0.8 0.5 0.8 0.5 0.8 0.8 0.8 0.5 0 0.8 0.8 0.8 1 0.8 1 1 0.75 0.8 1 0.8 0.5 0.8 1 0.5 0.8 0.8 0.75 0.333333333333333 0.5 1 0.5 1 0.8 0.8 0.8 0.8 0.8 0.8 1 0.75 0.8 1 0.8 0.8 0.8 1 0.333333333333333 0.8 0.8 0.5 0.8 0.75 0.8 1 1 0.8 0.5 1 0.8 0.8 0.5 0.5 0.8 1 0.8 0.8 0.8 0.8 0.8 0.5 1 0.8 1 1 1 0.8 0 0 0.5 0 0.8 0.8 0.75 0.8 1 0.333333333333333 1 0.5 0.8 0.8 1 1 0.5 0 0.8 0
0.8 0.5 0.8 0 0.5 0.8 0.5 0.8 0 0.8 0 0.5 0.8 0 0.5 0.8 0.333333333333333 0.5 1 0.75 0.75 0 1 0 0.8 0.5 0.75 0.8 0.5 0.8 1 1 0.5 0.333333333333333 0.5 1 0 0.5 0.8 0.5 0 0 0.75 0.75 0.5 0.75 0.8 0.5 0.5 0.75 1 0.8 0.8 0.8 0.8 0.75 0.5 0.75 0.75 0.5 0.5 0.75 0.5 0.5 0.8 0.8 0.5 0.333333333333333 0.5 0.8 0.8 0.5 0.8 0.5 1 0.8 0.75 1 0.333333333333333 0.5 0.8 0.8 0.8 0.8 0.5 0 1 0 0.333333333333333 1 0.75 0.8 0.8 0.5 1 1 0.5 0.8 0.8 0.8
0.8 0.5 0.5 0.5 0 0.8 0 0.8 0.5 0.5 0.5 0.8 0.8 0.5 0 0.5 0.75 0 0.75 0.333333333333333 0.75 0.5 0.75 0.5 0.8 0 0.333333333333333 0.8 0.5 0.5 1 1 0.8 0.75 0.5 0.75 0.5 0 0.8 0 0.5 0.5 0.333333333333333 0.75 0.5 0.333333333333333 0.5 0 0 0.75 1 0.5 0.5 0.5 0.8 0.75 0 0.75 0.75 0 0.8 0.333333333333333 0.5 0.5 0.8 0.8 0.5 0.75 0 0.8 0.5 0 0.5 0.5 0.75 0.8 0.333333333333333 0.75 0.75 0.5 0.8 0.8 0.8 0.8 0.5 0.5 1 0.5 0.75 1 0.75 0.8 0.8 0 0.75 0.75 0.8 0.8 0.5 0.8
0.5 0.8 0.5 0.8 0.5 0.8 0.5 0.8 0.8 0 0.8 0.8 0.8 0.8 0.5 0 1 0.5 0.333333333333333 0.75 1 0.8 0.333333333333333 0.8 0.8 0.5 0.75 0.5 0.8 0 1 1 0.8 1 0.8 0.333333333333333 0.8 0.5 0.5 0.5 0.8 0.8 0.75 1 0.8 0.75 0 0.5 0.5 1 1 0 0 0.5 0.5 1 0.5 1 1 0.5 0.8 0.75 0.8 0.8 0.8 0.8 0.8 1 0.5 0.5 0 0.5 0 0.8 0.333333333333333 0.5 0.75 0.333333333333333 1 0.8 0.8 0.8 0.8 0.8 0.8 0.8 1 0.8 1 1 1 0.5 0.5 0.5 0.333333333333333 0.333333333333333 0.8 0.8 0 0.8
1 0.75 1 0.333333333333333 0.75 1 0.75 1 0.333333333333333 1 0.333333333333333 0.75 1 0.333333333333333 0.75 1 0 0.75 1 0.666666666666667 0.666666666666667 0.333333333333333 1 0.333333333333333 1 0.75 0.666666666666667 1 0.75 1 1 1 0.75 0 0.75 1 0.333333333333333 0.75 1 0.75 0.333333333333333 0.333333333333333 0.666666666666667 0.666666666666667 0.75 0.666666666666667 1 0.75 0.75 0.666666666666667 1 1 1 1 1 0.666666666666667 0.75 0.666666666666667 0.666666666666667 0.75 0.75 0.666666666666667 0.75 0.75 1 1 0.75 0 0.75 1 1 0.75 1 0.75 1 1 0.666666666666667 1 0 0.75 1 1 1 1 0.75 0.333333333333333 1 0.333333333333333 0 1 0.666666666666667 1 1 0.75 1 1 0.75 1 1 1
0.8 0.5 0.5 0.5 0 0.8 0 0.8 0.5 0.5 0.5 0.8 0.8 0.5 0 0.5 0.75 0 0.75 0.333333333333333 0.75 0.5 0.75 0.5 0.8 0 0.333333333333333 0.8 0.5 0.5 1 1 0.8 0.75 0.5 0.75 0.5 0 0.8 0 0.5 0.5 0.333333333333333 0.75 0.5 0.333333333333333 0.5 0 0 0.75 1 0.5 0.5 0.5 0.8 0.75 0 0.75 0.75 0 0.8 0.333333333333333 0.5 0.5 0.8 0.8 0.5 0.75 0 0.8 0.5 0 0.5 0.5 0.75 0.8 0.333333333333333 0.75 0.75 0.5 0.8 0.8 0.8 0.8 0.5 0.5 1 0.5 0.75 1 0.75 0.8 0.8 0 0.75 0.75 0.8 0.8 0.5 0.8
0.75 1 0.75 1 0.75 1 0.75 1 1 0.333333333333333 1 1 1 1 0.75 0.333333333333333 1 0.75 0 0.666666666666667 1 1 0 1 1 0.75 0.666666666666667 0.75 1 0.333333333333333 1 1 1 1 1 0 1 0.75 0.75 0.75 1 1 0.666666666666667 1 1 0.666666666666667 0.333333333333333 0.75 0.75 1 1 0.333333333333333 0.333333333333333 0.75 0.75 1 0.75 1 1 0.75 1 0.666666666666667 1 1 1 1 1 1 0.75 0.75 0.333333333333333 0.75 0.333333333333333 1 0 0.75 0.666666666666667 0 1 1 1 1 1 1 1 1 1 1 1 1 1 0.75 0.75 0.75 0 0 1 1 0.333333333333333 1
1 0.75 0.75 0.75 0.333333333333333 1 0.333333333333333 1 0.75 0.75 0.75 1 1 0.75 0.333333333333333 0.75 0.666666666666667 0.333333333333333 0.666666666666667 0 0.666666666666667 0.75 0.666666666666667 0.75 1 0.333333333333333 0 1 0.75 0.75 1 1 1 0.666666666666667 0.75 0.666666666666667 0.75 0.333333333333333 1 0.333333333333333 0.75 0.75 0 0.666666666666667 0.75 0 0.75 0.333333333333333 0.333333333333333 0.666666666666667 1 0.75 0.75 0.75 1 0.666666666666667 0.333333333333333 0.666666666666667 0.666666666666667 0.333333333333333 1 0 0.75 0.75 1 1 0.75 0.666666666666667 0.333333333333333 1 0.75 0.333333333333333 0.75 0.75 0.666666666666667 1 0 0.666666666666667 0.666666666666667 0.75 1 1 1 1 0.75 0.75 1 0.75 0.666666666666667 1 0.666666666666667 1 1 0.333333333333333 0.666666666666667 0.666666666666667 1 1 0.75 1
1 0.75 1 0.75 0.75 1 0.75 1 0.75 1 0.75 1 0.75 0.75 0.75 1 0.666666666666667 0.75 1 0.666666666666667 0 0.75 1 0.75 1 0.75 0.666666666666667 0.75 0.75 1 1 0.666666666666667 1 0.666666666666667 0.333333333333333 1 0.75 0.75 1 0.75 0.75 0.75 0.666666666666667 0 0.75 0.666666666666667 1 0.75 0.75 0.666666666666667 0.666666666666667 1 1 1 1 0 0.75 0.666666666666667 0.666666666666667 0.75 1 0.666666666666667 0.75 0.75 1 1 0.75 0.666666666666667 0.75 1 1 0.75 1 0.333333333333333 1 1 0.666666666666667 1 0.666666666666667 0.75 0.75 0.75 1 0.75 0.75 0.75 1 0.75 0.666666666666667 0.666666666666667 0.666666666666667 0.75 1 0.75 1 1 1 0.75 1 0.75
0.8 0.5 0.8 0 0.5 0.8 0.5 0.8 0 0.8 0 0.5 0.8 0 0.5 0.8 0.333333333333333 0.5 1 0.75 0.75 0 1 0 0.8 0.5 0.75 0.8 0.5 0.8 1 1 0.5 0.333333333333333 0.5 1 0 0.5 0.8 0.5 0 0 0.75 0.75 0.5 0.75 0.8 0.5 0.5 0.75 1 0.8 0.8 0.8 0.8 0.75 0.5 0.75 0.75 0.5 0.5 0.75 0.5 0.5 0.8 0.8 0.5 0.333333333333333 0.5 0.8 0.8 0.5 0.8 0.5 1 0.8 0.75 1 0.333333333333333 0.5 0.8 0.8 0.8 0.8 0.5 0 1 0 0.333333333333333 1 0.75 0.8 0.8 0.5 1 1 0.5 0.8 0.8 0.8
0.75 1 0.75 1 0.75 1 0.75 1 1 0.333333333333333 1 1 1 1 0.75 0.333333333333333 1 0.75 0 0.666666666666667 1 1 0 1 1 0.75 0.666666666666667 0.75 1 0.333333333333333 1 1 1 1 1 0 1 0.75 0.75 0.75 1 1 0.666666666666667 1 1 0.666666666666667 0.333333333333333 0.75 0.75 1 1 0.333333333333333 0.333333333333333 0.75 0.75 1 0.75 1 1 0.75 1 0.666666666666667 1 1 1 1 1 1 0.75 0.75 0.333333333333333 0.75 0.333333333333333 1 0 0.75 0.666666666666667 0 1 1 1 1 1 1 1 1 1 1 1 1 1 0.75 0.75 0.75 0 0 1 1 0.333333333333333 1
0.8 0.5 0.8 0 0.5 0.8 0.5 0.8 0 0.8 0 0.5 0.8 0 0.5 0.8 0.333333333333333 0.5 1 0.75 0.75 0 1 0 0.8 0.5 0.75 0.8 0.5 0.8 1 1 0.5 0.333333333333333 0.5 1 0 0.5 0.8 0.5 0 0 0.75 0.75 0.5 0.75 0.8 0.5 0.5 0.75 1 0.8 0.8 0.8 0.8 0.75 0.5 0.75 0.75 0.5 0.5 0.75 0.5 0.5 0.8 0.8 0.5 0.333333333333333 0.5 0.8 0.8 0.5 0.8 0.5 1 0.8 0.75 1 0.333333333333333 0.5 0.8 0.8 0.8 0.8 0.5 0 1 0 0.333333333333333 1 0.75 0.8 0.8 0.5 1 1 0.5 0.8 0.8 0.8
0.5 0.5 0.5 0.8 0.8 0.5 0.8 0.5 0.8 0.8 0.8 0.5 0.5 0.8 0.8 0.8 1 0.8 1 1 1 0.8 1 0.8 0 0.8 1 0.8 0.5 0.8 0.333333333333333 0.75 0.5 1 0.8 1 0.8 0.8 0.8 0.8 0.8 0.8 1 1 0.5 1 0.8 0.8 0.8 0.75 0.75 0.8 0.8 0.5 0.8 1 0.8 0.75 0.75 0.8 0.5 1 0.5 0.5 0 0.5 0.5 1 0.8 0.5 0.8 0.8 0.8 0.8 1 0.5 1 1 1 0.5 0.5 0.5 0.5 0.5 0.5 0.8 0.333333333333333 0.8 1 0.75 0.75 0.8 0.5 0.8 1 1 0.5 0.5 0.8 0.5
0.8 0.5 0.5 0.5 0 0.8 0 0.8 0.5 0.5 0.5 0.8 0.8 0.5 0 0.5 0.75 0 0.75 0.333333333333333 0.75 0.5 0.75 0.5 0.8 0 0.333333333333333 0.8 0.5 0.5 1 1 0.8 0.75 0.5 0.75 0.5 0 0.8 0 0.5 0.5 0.333333333333333 0.75 0.5 0.333333333333333 0.5 0 0 0.75 1 0.5 0.5 0.5 0.8 0.75 0 0.75 0.75 0 0.8 0.333333333333333 0.5 0.5 0.8 0.8 0.5 0.75 0 0.8 0.5 0 0.5 0.5 0.75 0.8 0.333333333333333 0.75 0.75 0.5 0.8 0.8 0.8 0.8 0.5 0.5 1 0.5 0.75 1 0.75 0.8 0.8 0 0.75 0.75 0.8 0.8 0.5 0.8
1 0.75 0.75 0.75 0.333333333333333 1 0.333333333333333 1 0.75 0.75 0.75 1 1 0.75 0.333333333333333 0.75 0.666666666666667 0.333333333333333 0.666666666666667 0 0.666666666666667 0.75 0.666666666666667 0.75 1 0.333333333333333 0 1 0.75 0.75 1 1 1 0.666666666666667 0.75 0.666666666666667 0.75 0.333333333333333 1 0.333333333333333 0.75 0.75 0 0.666666666666667 0.75 0 0.75 0.333333333333333 0.333333333333333 0.666666666666667 1 0.75 0.75 0.75 1 0.666666666666667 0.333333333333333 0.666666666666667 0.666666666666667 0.333333333333333 1 0 0.75 0.75 1 1 0.75 0.666666666666667 0.333333333333333 1 0.75 0.333333333333333 0.75 0.75 0.666666666666667 1 0 0.666666666666667 0.666666666666667 0.75 1 1 1 1 0.75 0.75 1 0.75 0.666666666666667 1 0.666666666666667 1 1 0.333333333333333 0.666666666666667 0.666666666666667 1 1 0.75 1
0.5 0.8 0.8 0.8 0.8 0.8 0.8 0.8 0.8 0.5 0.8 0.8 0.5 0.8 0.8 0.5 1 0.8 0.75 1 0.75 0.8 0.75 0.8 0.8 0.8 1 0 0.8 0.5 1 0.75 0.8 1 0.5 0.75 0.8 0.8 0.5 0.8 0.8 0.8 1 0.75 0.8 1 0.5 0.8 0.8 1 0.75 0.5 0.5 0.8 0.5 0.75 0.8 1 1 0.8 0.8 1 0.8 0.8 0.8 0.8 0.8 1 0.8 0.5 0.5 0.8 0.5 0.5 0.75 0.5 1 0.75 1 0.8 0.5 0.5 0.8 0.5 0.8 0.8 1 0.8 1 0.75 1 0 0.5 0.8 0.75 0.75 0.8 0.5 0.5 0.5
0.5 0 0.8 0.5 0.5 0.8 0.5 0.8 0.5 0.8 0.5 0.8 0.8 0.5 0.5 0.8 0.75 0.5 1 0.75 0.75 0.5 1 0.5 0.5 0.5 0.75 0.8 0 0.8 0.75 1 0.8 0.75 0.5 1 0.5 0.5 0.8 0.5 0.5 0.5 0.75 0.75 0 0.75 0.8 0.5 0.5 0.333333333333333 1 0.8 0.8 0.8 0.8 0.75 0.5 0.333333333333333 0.333333333333333 0.5 0.8 0.75 0 0 0.5 0.8 0 0.75 0.5 0.5 0.8 0.5 0.8 0.5 1 0.5 0.75 1 0.75 0 0.8 0.8 0.8 0.8 0 0.5 0.75 0.5 0.75 1 0.333333333333333 0.8 0.5 0.5 1 1 0.8 0.8 0.8 0.8
0.5 0.8 0.5 0.8 0.5 0.8 0.5 0.8 0.8 0 0.8 0.8 0.8 0.8 0.5 0 1 0.5 0.333333333333333 0.75 1 0.8 0.333333333333333 0.8 0.8 0.5 0.75 0.5 0.8 0 1 1 0.8 1 0.8 0.333333333333333 0.8 0.5 0.5 0.5 0.8 0.8 0.75 1 0.8 0.75 0 0.5 0.5 1 1 0 0 0.5 0.5 1 0.5 1 1 0.5 0.8 0.75 0.8 0.8 0.8 0.8 0.8 1 0.5 0.5 0 0.5 0 0.8 0.333333333333333 0.5 0.75 0.333333333333333 1 0.8 0.8 0.8 0.8 0.8 0.8 0.8 1 0.8 1 1 1 0.5 0.5 0.5 0.333333333333333 0.333333333333333 0.8 0.8 0 0.8
0.75 0.75 0.75 1 1 0.75 1 0.75 1 1 1 0.75 0.75 1 1 1 1 1 1 1 1 1 1 1 0.333333333333333 1 1 1 0.75 1 0 0.666666666666667 0.75 1 1 1 1 1 1 1 1 1 1 1 0.75 1 1 1 1 0.666666666666667 0.666666666666667 1 1 0.75 1 1 1 0.666666666666667 0.666666666666667 1 0.75 1 0.75 0.75 0.333333333333333 0.75 0.75 1 1 0.75 1 1 1 1 1 0.75 1 1 1 0.75 0.75 0.75 0.75 0.75 0.75 1 0 1 1 0.666666666666667 0.666666666666667 1 0.75 1 1 1 0.75 0.75 1 0.75
1 1 0.75 1 1 0.75 1 0.75 1 1 1 0.75 0.333333333333333 1 1 1 1 1 1 1 0.666666666666667 1 1 1 0.75 1 1 0.75 1 1 0.666666666666667 0 0.75 1 0.75 1 1 1 1 1 1 1 1 0.666666666666667 1 1 1 1 1 1 0 1 1 0.75 1 0.666666666666667 1 1 1 1 0.75 1 1 1 0.75 0.75 1 1 1 1 1 1 1 0.75 1 1 1 1 1 1 0.333333333333333 0.333333333333333 0.75 0.333333333333333 1 1 0.666666666666667 1 1 0 1 0.75 1 1 1 1 0.75 0.333333333333333 1 0.333333333333333
0.8 0.8 0.5 0.5 0.8 0.5 0.8 0.5 0.5 0.8 0.5 0 0.5 0.5 0.8 0.8 0.75 0.8 1 1 1 0.5 1 0.5 0.5 0.8 1 0.8 0.8 0.8 0.75 0.75 0 0.75 0.8 1 0.5 0.8 0.8 0.8 0.5 0.5 1 1 0.8 1 0.8 0.8 0.8 1 0.75 0.8 0.8 0.5 0.8 1 0.8 1 1 0.8 0 1 0.8 0.8 0.5 0.5 0.8 0.75 0.8 0.8 0.8 0.8 0.8 0.8 1 0.8 1 1 0.75 0.8 0.5 0.5 0.5 0.5 0.8 0.5 0.75 0.5 0.75 0.75 1 0.8 0.8 0.8 1 1 0 0.5 0.8 0.5
1 0.75 1 0.333333333333333 0.75 1 0.75 1 0.333333333333333 1 0.333333333333333 0.75 1 0.333333333333333 0.75 1 0 0.75 1 0.666666666666667 0.666666666666667 0.333333333333333 1 0.333333333333333 1 0.75 0.666666666666667 1 0.75 1 1 1 0.75 0 0.75 1 0.333333333333333 0.75 1 0.75 0.333333333333333 0.333333333333333 0.666666666666667 0.666666666666667 0.75 0.666666666666667 1 0.75 0.75 0.666666666666667 1 1 1 1 1 0.666666666666667 0.75 0.666666666666667 0.666666666666667 0.75 0.75 0.666666666666667 0.75 0.75 1 1 0.75 0 0.75 1 1 0.75 1 0.75 1 1 0.666666666666667 1 0 0.75 1 1 1 1 0.75 0.333333333333333 1 0.333333333333333 0 1 0.666666666666667 1 1 0.75 1 1 0.75 1 1 1
0.8 0.5 0.8 0.5 0.5 0.8 0.5 0.8 0.5 0.8 0.5 0.8 0.5 0.5 0.5 0.8 0.75 0.5 1 0.75 0.333333333333333 0.5 1 0.5 0.8 0.5 0.75 0.5 0.5 0.8 1 0.75 0.8 0.75 0 1 0.5 0.5 0.8 0.5 0.5 0.5 0.75 0.333333333333333 0.5 0.75 0.8 0.5 0.5 0.75 0.75 0.8 0.8 0.8 0.8 0.333333333333333 0.5 0.75 0.75 0.5 0.8 0.75 0.5 0.5 0.8 0.8 0.5 0.75 0.5 0.8 0.8 0.5 0.8 0 1 0.8 0.75 1 0.75 0.5 0.5 0.5 0.8 0.5 0.5 0.5 1 0.5 0.75 0.75 0.75 0.5 0.8 0.5 1 1 0.8 0.5 0.8 0.5
0.75 1 0.75 1 0.75 1 0.75 1 1 0.333333333333333 1 1 1 1 0.75 0.333333333333333 1 0.75 0 0.666666666666667 1 1 0 1 1 0.75 0.666666666666667 0.75 1 0.333333333333333 1 1 1 1 1 0 1 0.75 0.75 0.75 1 1 0.666666666666667 1 1 0.666666666666667 0.333333333333333 0.75 0.75 1 1 0.333333333333333 0.333333333333333 0.75 0.75 1 0.75 1 1 0.75 1 0.666666666666667 1 1 1 1 1 1 0.75 0.75 0.333333333333333 0.75 0.333333333333333 1 0 0.75 0.666666666666667 0 1 1 1 1 1 1 1 1 1 1 1 1 1 0.75 0.75 0.75 0 0 1 1 0.333333333333333 1
0.8 0.5 0.8 0 0.5 0.8 0.5 0.8 0 0.8 0 0.5 0.8 0 0.5 0.8 0.333333333333333 0.5 1 0.75 0.75 0 1 0 0.8 0.5 0.75 0.8 0.5 0.8 1 1 0.5 0.333333333333333 0.5 1 0 0.5 0.8 0.5 0 0 0.75 0.75 0.5 0.75 0.8 0.5 0.5 0.75 1 0.8 0.8 0.8 0.8 0.75 0.5 0.75 0.75 0.5 0.5 0.75 0.5 0.5 0.8 0.8 0.5 0.333333333333333 0.5 0.8 0.8 0.5 0.8 0.5 1 0.8 0.75 1 0.333333333333333 0.5 0.8 0.8 0.8 0.8 0.5 0 1 0 0.333333333333333 1 0.75 0.8 0.8 0.5 1 1 0.5 0.8 0.8 0.8
0.8 0.5 0.5 0.5 0 0.8 0 0.8 0.5 0.5 0.5 0.8 0.8 0.5 0 0.5 0.75 0 0.75 0.333333333333333 0.75 0.5 0.75 0.5 0.8 0 0.333333333333333 0.8 0.5 0.5 1 1 0.8 0.75 0.5 0.75 0.5 0 0.8 0 0.5 0.5 0.333333333333333 0.75 0.5 0.333333333333333 0.5 0 0 0.75 1 0.5 0.5 0.5 0.8 0.75 0 0.75 0.75 0 0.8 0.333333333333333 0.5 0.5 0.8 0.8 0.5 0.75 0 0.8 0.5 0 0.5 0.5 0.75 0.8 0.333333333333333 0.75 0.75 0.5 0.8 0.8 0.8 0.8 0.5 0.5 1 0.5 0.75 1 0.75 0.8 0.8 0 0.75 0.75 0.8 0.8 0.5 0.8
0.5 0.8 0.8 0.8 0.8 0.5 0.8 0.5 0.8 0.5 0.8 0.8 0.8 0.8 0.8 0.5 1 0.8 0.75 1 1 0.8 0.75 0.8 0.8 0.8 1 0.5 0.8 0.5 1 1 0.8 1 0.8 0.75 0.8 0.8 0 0.8 0.8 0.8 1 1 0.8 1 0.5 0.8 0.8 1 1 0.5 0.5 0.8 0 1 0.8 1 1 0.8 0.8 1 0.8 0.8 0.8 0.5 0.8 1 0.8 0.5 0.5 0.8 0.5 0.8 0.75 0.5 1 0.75 1 0.8 0.8 0.8 0.5 0.8 0.8 0.8 1 0.8 1 1 1 0.5 0.5 0.8 0.75 0.75 0.8 0.8 0.5 0.8
0.8 0.5 0.5 0.5 0 0.8 0 0.8 0.5 0.5 0.5 0.8 0.8 0.5 0 0.5 0.75 0 0.75 0.333333333333333 0.75 0.5 0.75 0.5 0.8 0 0.333333333333333 0.8 0.5 0.5 1 1 0.8 0.75 0.5 0.75 0.5 0 0.8 0 0.5 0.5 0.333333333333333 0.75 0.5 0.333333333333333 0.5 0 0 0.75 1 0.5 0.5 0.5 0.8 0.75 0 0.75 0.75 0 0.8 0.333333333333333 0.5 0.5 0.8 0.8 0.5 0.75 0 0.8 0.5 0 0.5 0.5 0.75 0.8 0.333333333333333 0.75 0.75 0.5 0.8 0.8 0.8 0.8 0.5 0.5 1 0.5 0.75 1 0.75 0.8 0.8 0 0.75 0.75 0.8 0.8 0.5 0.8
0.8 0.5 0.8 0 0.5 0.8 0.5 0.8 0 0.8 0 0.5 0.8 0 0.5 0.8 0.333333333333333 0.5 1 0.75 0.75 0 1 0 0.8 0.5 0.75 0.8 0.5 0.8 1 1 0.5 0.333333333333333 0.5 1 0 0.5 0.8 0.5 0 0 0.75 0.75 0.5 0.75 0.8 0.5 0.5 0.75 1 0.8 0.8 0.8 0.8 0.75 0.5 0.75 0.75 0.5 0.5 0.75 0.5 0.5 0.8 0.8 0.5 0.333333333333333 0.5 0.8 0.8 0.5 0.8 0.5 1 0.8 0.75 1 0.333333333333333 0.5 0.8 0.8 0.8 0.8 0.5 0 1 0 0.333333333333333 1 0.75 0.8 0.8 0.5 1 1 0.5 0.8 0.8 0.8
0.8 0.5 0.8 0 0.5 0.8 0.5 0.8 0 0.8 0 0.5 0.8 0 0.5 0.8 0.333333333333333 0.5 1 0.75 0.75 0 1 0 0.8 0.5 0.75 0.8 0.5 0.8 1 1 0.5 0.333333333333333 0.5 1 0 0.5 0.8 0.5 0 0 0.75 0.75 0.5 0.75 0.8 0.5 0.5 0.75 1 0.8 0.8 0.8 0.8 0.75 0.5 0.75 0.75 0.5 0.5 0.75 0.5 0.5 0.8 0.8 0.5 0.333333333333333 0.5 0.8 0.8 0.5 0.8 0.5 1 0.8 0.75 1 0.333333333333333 0.5 0.8 0.8 0.8 0.8 0.5 0 1 0 0.333333333333333 1 0.75 0.8 0.8 0.5 1 1 0.5 0.8 0.8 0.8
1 0.75 0.75 0.75 0.333333333333333 1 0.333333333333333 1 0.75 0.75 0.75 1 1 0.75 0.333333333333333 0.75 0.666666666666667 0.333333333333333 0.666666666666667 0 0.666666666666667 0.75 0.666666666666667 0.75 1 0.333333333333333 0 1 0.75 0.75 1 1 1 0.666666666666667 0.75 0.666666666666667 0.75 0.333333333333333 1 0.333333333333333 0.75 0.75 0 0.666666666666667 0.75 0 0.75 0.333333333333333 0.333333333333333 0.666666666666667 1 0.75 0.75 0.75 1 0.666666666666667 0.333333333333333 0.666666666666667 0.666666666666667 0.333333333333333 1 0 0.75 0.75 1 1 0.75 0.666666666666667 0.333333333333333 1 0.75 0.333333333333333 0.75 0.75 0.666666666666667 1 0 0.666666666666667 0.666666666666667 0.75 1 1 1 1 0.75 0.75 1 0.75 0.666666666666667 1 0.666666666666667 1 1 0.333333333333333 0.666666666666667 0.666666666666667 1 1 0.75 1
1 0.75 1 0.75 0.75 1 0.75 1 0.75 1 0.75 1 0.75 0.75 0.75 1 0.666666666666667 0.75 1 0.666666666666667 0 0.75 1 0.75 1 0.75 0.666666666666667 0.75 0.75 1 1 0.666666666666667 1 0.666666666666667 0.333333333333333 1 0.75 0.75 1 0.75 0.75 0.75 0.666666666666667 0 0.75 0.666666666666667 1 0.75 0.75 0.666666666666667 0.666666666666667 1 1 1 1 0 0.75 0.666666666666667 0.666666666666667 0.75 1 0.666666666666667 0.75 0.75 1 1 0.75 0.666666666666667 0.75 1 1 0.75 1 0.333333333333333 1 1 0.666666666666667 1 0.666666666666667 0.75 0.75 0.75 1 0.75 0.75 0.75 1 0.75 0.666666666666667 0.666666666666667 0.666666666666667 0.75 1 0.75 1 1 1 0.75 1 0.75
0.5 0 0.8 0.5 0.5 0.8 0.5 0.8 0.5 0.8 0.5 0.8 0.8 0.5 0.5 0.8 0.75 0.5 1 0.75 0.75 0.5 1 0.5 0.5 0.5 0.75 0.8 0 0.8 0.75 1 0.8 0.75 0.5 1 0.5 0.5 0.8 0.5 0.5 0.5 0.75 0.75 0 0.75 0.8 0.5 0.5 0.333333333333333 1 0.8 0.8 0.8 0.8 0.75 0.5 0.333333333333333 0.333333333333333 0.5 0.8 0.75 0 0 0.5 0.8 0 0.75 0.5 0.5 0.8 0.5 0.8 0.5 1 0.5 0.75 1 0.75 0 0.8 0.8 0.8 0.8 0 0.5 0.75 0.5 0.75 1 0.333333333333333 0.8 0.5 0.5 1 1 0.8 0.8 0.8 0.8
1 0.75 0.75 0.75 0.333333333333333 1 0.333333333333333 1 0.75 0.75 0.75 1 1 0.75 0.333333333333333 0.75 0.666666666666667 0.333333333333333 0.666666666666667 0 0.666666666666667 0.75 0.666666666666667 0.75 1 0.333333333333333 0 1 0.75 0.75 1 1 1 0.666666666666667 0.75 0.666666666666667 0.75 0.333333333333333 1 0.333333333333333 0.75 0.75 0 0.666666666666667 0.75 0 0.75 0.333333333333333 0.333333333333333 0.666666666666667 1 0.75 0.75 0.75 1 0.666666666666667 0.333333333333333 0.666666666666667 0.666666666666667 0.333333333333333 1 0 0.75 0.75 1 1 0.75 0.666666666666667 0.333333333333333 1 0.75 0.333333333333333 0.75 0.75 0.666666666666667 1 0 0.666666666666667 0.666666666666667 0.75 1 1 1 1 0.75 0.75 1 0.75 0.666666666666667 1 0.666666666666667 1 1 0.333333333333333 0.666666666666667 0.666666666666667 1 1 0.75 1
0.5 0.8 0.5 0.8 0.5 0.8 0.5 0.8 0.8 0 0.8 0.8 0.8 0.8 0.5 0 1 0.5 0.333333333333333 0.75 1 0.8 0.333333333333333 0.8 0.8 0.5 0.75 0.5 0.8 0 1 1 0.8 1 0.8 0.333333333333333 0.8 0.5 0.5 0.5 0.8 0.8 0.75 1 0.8 0.75 0 0.5 0.5 1 1 0 0 0.5 0.5 1 0.5 1 1 0.5 0.8 0.75 0.8 0.8 0.8 0.8 0.8 1 0.5 0.5 0 0.5 0 0.8 0.333333333333333 0.5 0.75 0.333333333333333 1 0.8 0.8 0.8 0.8 0.8 0.8 0.8 1 0.8 1 1 1 0.5 0.5 0.5 0.333333333333333 0.333333333333333 0.8 0.8 0 0.8
0.8 0.5 0.5 0.5 0 0.8 0 0.8 0.5 0.5 0.5 0.8 0.8 0.5 0 0.5 0.75 0 0.75 0.333333333333333 0.75 0.5 0.75 0.5 0.8 0 0.333333333333333 0.8 0.5 0.5 1 1 0.8 0.75 0.5 0.75 0.5 0 0.8 0 0.5 0.5 0.333333333333333 0.75 0.5 0.333333333333333 0.5 0 0 0.75 1 0.5 0.5 0.5 0.8 0.75 0 0.75 0.75 0 0.8 0.333333333333333 0.5 0.5 0.8 0.8 0.5 0.75 0 0.8 0.5 0 0.5 0.5 0.75 0.8 0.333333333333333 0.75 0.75 0.5 0.8 0.8 0.8 0.8 0.5 0.5 1 0.5 0.75 1 0.75 0.8 0.8 0 0.75 0.75 0.8 0.8 0.5 0.8
0.8 0.5 0.5 0.5 0 0.8 0 0.8 0.5 0.5 0.5 0.8 0.8 0.5 0 0.5 0.75 0 0.75 0.333333333333333 0.75 0.5 0.75 0.5 0.8 0 0.333333333333333 0.8 0.5 0.5 1 1 0.8 0.75 0.5 0.75 0.5 0 0.8 0 0.5 0.5 0.333333333333333 0.75 0.5 0.333333333333333 0.5 0 0 0.75 1 0.5 0.5 0.5 0.8 0.75 0 0.75 0.75 0 0.8 0.333333333333333 0.5 0.5 0.8 0.8 0.5 0.75 0 0.8 0.5 0 0.5 0.5 0.75 0.8 0.333333333333333 0.75 0.75 0.5 0.8 0.8 0.8 0.8 0.5 0.5 1 0.5 0.75 1 0.75 0.8 0.8 0 0.75 0.75 0.8 0.8 0.5 0.8
0.75 0.333333333333333 1 0.75 0.75 1 0.75 1 0.75 1 0.75 1 1 0.75 0.75 1 0.666666666666667 0.75 1 0.666666666666667 0.666666666666667 0.75 1 0.75 0.75 0.75 0.666666666666667 1 0.333333333333333 1 0.666666666666667 1 1 0.666666666666667 0.75 1 0.75 0.75 1 0.75 0.75 0.75 0.666666666666667 0.666666666666667 0.333333333333333 0.666666666666667 1 0.75 0.75 0 1 1 1 1 1 0.666666666666667 0.75 0 0 0.75 1 0.666666666666667 0.333333333333333 0.333333333333333 0.75 1 0.333333333333333 0.666666666666667 0.75 0.75 1 0.75 1 0.75 1 0.75 0.666666666666667 1 0.666666666666667 0.333333333333333 1 1 1 1 0.333333333333333 0.75 0.666666666666667 0.75 0.666666666666667 1 0 1 0.75 0.75 1 1 1 1 1 1
1 1 0.75 1 1 0.75 1 0.75 1 1 1 0.75 0.333333333333333 1 1 1 1 1 1 1 0.666666666666667 1 1 1 0.75 1 1 0.75 1 1 0.666666666666667 0 0.75 1 0.75 1 1 1 1 1 1 1 1 0.666666666666667 1 1 1 1 1 1 0 1 1 0.75 1 0.666666666666667 1 1 1 1 0.75 1 1 1 0.75 0.75 1 1 1 1 1 1 1 0.75 1 1 1 1 1 1 0.333333333333333 0.333333333333333 0.75 0.333333333333333 1 1 0.666666666666667 1 1 0 1 0.75 1 1 1 1 0.75 0.333333333333333 1 0.333333333333333
0.5 0.8 0.5 0.8 0.5 0.8 0.5 0.8 0.8 0 0.8 0.8 0.8 0.8 0.5 0 1 0.5 0.333333333333333 0.75 1 0.8 0.333333333333333 0.8 0.8 0.5 0.75 0.5 0.8 0 1 1 0.8 1 0.8 0.333333333333333 0.8 0.5 0.5 0.5 0.8 0.8 0.75 1 0.8 0.75 0 0.5 0.5 1 1 0 0 0.5 0.5 1 0.5 1 1 0.5 0.8 0.75 0.8 0.8 0.8 0.8 0.8 1 0.5 0.5 0 0.5 0 0.8 0.333333333333333 0.5 0.75 0.333333333333333 1 0.8 0.8 0.8 0.8 0.8 0.8 0.8 1 0.8 1 1 1 0.5 0.5 0.5 0.333333333333333 0.333333333333333 0.8 0.8 0 0.8
0.5 0.8 0.5 0.8 0.5 0.8 0.5 0.8 0.8 0 0.8 0.8 0.8 0.8 0.5 0 1 0.5 0.333333333333333 0.75 1 0.8 0.333333333333333 0.8 0.8 0.5 0.75 0.5 0.8 0 1 1 0.8 1 0.8 0.333333333333333 0.8 0.5 0.5 0.5 0.8 0.8 0.75 1 0.8 0.75 0 0.5 0.5 1 1 0 0 0.5 0.5 1 0.5 1 1 0.5 0.8 0.75 0.8 0.8 0.8 0.8 0.8 1 0.5 0.5 0 0.5 0 0.8 0.333333333333333 0.5 0.75 0.333333333333333 1 0.8 0.8 0.8 0.8 0.8 0.8 0.8 1 0.8 1 1 1 0.5 0.5 0.5 0.333333333333333 0.333333333333333 0.8 0.8 0 0.8
0.8 0.8 0 0.8 0.5 0.5 0.5 0.5 0.8 0.5 0.8 0.5 0.5 0.8 0.5 0.5 1 0.5 0.75 0.75 1 0.8 0.75 0.8 0.5 0.5 0.75 0.8 0.8 0.5 0.75 0.75 0.5 1 0.8 0.75 0.8 0.5 0.8 0.5 0.8 0.8 0.75 1 0.8 0.75 0.5 0.5 0.5 1 0.75 0.5 0.5 0 0.8 1 0.5 1 1 0.5 0.5 0.75 0.8 0.8 0.5 0.5 0.8 1 0.5 0.8 0.5 0.5 0.5 0.8 0.75 0.8 0.75 0.75 1 0.8 0.5 0.5 0.5 0.5 0.8 0.8 0.75 0.8 1 0.75 1 0.8 0.8 0.5 0.75 0.75 0.5 0.5 0.5 0.5
0.5 0.8 0.8 0.8 0.8 0.5 0.8 0.5 0.8 0.5 0.8 0.8 0.8 0.8 0.8 0.5 1 0.8 0.75 1 1 0.8 0.75 0.8 0.8 0.8 1 0.5 0.8 0.5 1 1 0.8 1 0.8 0.75 0.8 0.8 0 0.8 0.8 0.8 1 1 0.8 1 0.5 0.8 0.8 1 1 0.5 0.5 0.8 0 1 0.8 1 1 0.8 0.8 1 0.8 0.8 0.8 0.5 0.8 1 0.8 0.5 0.5 0.8 0.5 0.8 0.75 0.5 1 0.75 1 0.8 0.8 0.8 0.5 0.8 0.8 0.8 1 0.8 1 1 1 0.5 0.5 0.8 0.75 0.75 0.8 0.8 0.5 0.8
1 0.75 1 0.75 0.75 1 0.75 1 0.75 1 0.75 1 0.75 0.75 0.75 1 0.666666666666667 0.75 1 0.666666666666667 0 0.75 1 0.75 1 0.75 0.666666666666667 0.75 0.75 1 1 0.666666666666667 1 0.666666666666667 0.333333333333333 1 0.75 0.75 1 0.75 0.75 0.75 0.666666666666667 0 0.75 0.666666666666667 1 0.75 0.75 0.666666666666667 0.666666666666667 1 1 1 1 0 0.75 0.666666666666667 0.666666666666667 0.75 1 0.666666666666667 0.75 0.75 1 1 0.75 0.666666666666667 0.75 1 1 0.75 1 0.333333333333333 1 1 0.666666666666667 1 0.666666666666667 0.75 0.75 0.75 1 0.75 0.75 0.75 1 0.75 0.666666666666667 0.666666666666667 0.666666666666667 0.75 1 0.75 1 1 1 0.75 1 0.75
0.8 0.5 0.5 0.5 0 0.8 0 0.8 0.5 0.5 0.5 0.8 0.8 0.5 0 0.5 0.75 0 0.75 0.333333333333333 0.75 0.5 0.75 0.5 0.8 0 0.333333333333333 0.8 0.5 0.5 1 1 0.8 0.75 0.5 0.75 0.5 0 0.8 0 0.5 0.5 0.333333333333333 0.75 0.5 0.333333333333333 0.5 0 0 0.75 1 0.5 0.5 0.5 0.8 0.75 0 0.75 0.75 0 0.8 0.333333333333333 0.5 0.5 0.8 0.8 0.5 0.75 0 0.8 0.5 0 0.5 0.5 0.75 0.8 0.333333333333333 0.75 0.75 0.5 0.8 0.8 0.8 0.8 0.5 0.5 1 0.5 0.75 1 0.75 0.8 0.8 0 0.75 0.75 0.8 0.8 0.5 0.8
0.75 0.333333333333333 1 0.75 0.75 1 0.75 1 0.75 1 0.75 1 1 0.75 0.75 1 0.666666666666667 0.75 1 0.666666666666667 0.666666666666667 0.75 1 0.75 0.75 0.75 0.666666666666667 1 0.333333333333333 1 0.666666666666667 1 1 0.666666666666667 0.75 1 0.75 0.75 1 0.75 0.75 0.75 0.666666666666667 0.666666666666667 0.333333333333333 0.666666666666667 1 0.75 0.75 0 1 1 1 1 1 0.666666666666667 0.75 0 0 0.75 1 0.666666666666667 0.333333333333333 0.333333333333333 0.75 1 0.333333333333333 0.666666666666667 0.75 0.75 1 0.75 1 0.75 1 0.75 0.666666666666667 1 0.666666666666667 0.333333333333333 1 1 1 1 0.333333333333333 0.75 0.666666666666667 0.75 0.666666666666667 1 0 1 0.75 0.75 1 1 1 1 1 1
0.75 0.333333333333333 1 0.75 0.75 1 0.75 1 0.75 1 0.75 1 1 0.75 0.75 1 0.666666666666667 0.75 1 0.666666666666667 0.666666666666667 0.75 1 0.75 0.75 0.75 0.666666666666667 1 0.333333333333333 1 0.666666666666667 1 1 0.666666666666667 0.75 1 0.75 0.75 1 0.75 0.75 0.75 0.666666666666667 0.666666666666667 0.333333333333333 0.666666666666667 1 0.75 0.75 0 1 1 1 1 1 0.666666666666667 0.75 0 0 0.75 1 0.666666666666667 0.333333333333333 0.333333333333333 0.75 1 0.333333333333333 0.666666666666667 0.75 0.75 1 0.75 1 0.75 1 0.75 0.666666666666667 1 0.666666666666667 0.333333333333333 1 1 1 1 0.333333333333333 0.75 0.666666666666667 0.75 0.666666666666667 1 0 1 0.75 0.75 1 1 1 1 1 1
0.8 0.5 0.5 0.5 0 0.8 0 0.8 0.5 0.5 0.5 0.8 0.8 0.5 0 0.5 0.75 0 0.75 0.333333333333333 0.75 0.5 0.75 0.5 0.8 0 0.333333333333333 0.8 0.5 0.5 1 1 0.8 0.75 0.5 0.75 0.5 0 0.8 0 0.5 0.5 0.333333333333333 0.75 0.5 0.333333333333333 0.5 0 0 0.75 1 0.5 0.5 0.5 0.8 0.75 0 0.75 0.75 0 0.8 0.333333333333333 0.5 0.5 0.8 0.8 0.5 0.75 0 0.8 0.5 0 0.5 0.5 0.75 0.8 0.333333333333333 0.75 0.75 0.5 0.8 0.8 0.8 0.8 0.5 0.5 1 0.5 0.75 1 0.75 0.8 0.8 0 0.75 0.75 0.8 0.8 0.5 0.8
0.8 0.8 0.5 0.5 0.8 0.5 0.8 0.5 0.5 0.8 0.5 0 0.5 0.5 0.8 0.8 0.75 0.8 1 1 1 0.5 1 0.5 0.5 0.8 1 0.8 0.8 0.8 0.75 0.75 0 0.75 0.8 1 0.5 0.8 0.8 0.8 0.5 0.5 1 1 0.8 1 0.8 0.8 0.8 1 0.75 0.8 0.8 0.5 0.8 1 0.8 1 1 0.8 0 1 0.8 0.8 0.5 0.5 0.8 0.75 0.8 0.8 0.8 0.8 0.8 0.8 1 0.8 1 1 0.75 0.8 0.5 0.5 0.5 0.5 0.8 0.5 0.75 0.5 0.75 0.75 1 0.8 0.8 0.8 1 1 0 0.5 0.8 0.5
1 0.75 0.75 0.75 0.333333333333333 1 0.333333333333333 1 0.75 0.75 0.75 1 1 0.75 0.333333333333333 0.75 0.666666666666667 0.333333333333333 0.666666666666667 0 0.666666666666667 0.75 0.666666666666667 0.75 1 0.333333333333333 0 1 0.75 0.75 1 1 1 0.666666666666667 0.75 0.666666666666667 0.75 0.333333333333333 1 0.333333333333333 0.75 0.75 0 0.666666666666667 0.75 0 0.75 0.333333333333333 0.333333333333333 0.666666666666667 1 0.75 0.75 0.75 1 0.666666666666667 0.333333333333333 0.666666666666667 0.666666666666667 0.333333333333333 1 0 0.75 0.75 1 1 0.75 0.666666666666667 0.333333333333333 1 0.75 0.333333333333333 0.75 0.75 0.666666666666667 1 0 0.666666666666667 0.666666666666667 0.75 1 1 1 1 0.75 0.75 1 0.75 0.666666666666667 1 0.666666666666667 1 1 0.333333333333333 0.666666666666667 0.666666666666667 1 1 0.75 1
0.5 0 0.8 0.5 0.5 0.8 0.5 0.8 0.5 0.8 0.5 0.8 0.8 0.5 0.5 0.8 0.75 0.5 1 0.75 0.75 0.5 1 0.5 0.5 0.5 0.75 0.8 0 0.8 0.75 1 0.8 0.75 0.5 1 0.5 0.5 0.8 0.5 0.5 0.5 0.75 0.75 0 0.75 0.8 0.5 0.5 0.333333333333333 1 0.8 0.8 0.8 0.8 0.75 0.5 0.333333333333333 0.333333333333333 0.5 0.8 0.75 0 0 0.5 0.8 0 0.75 0.5 0.5 0.8 0.5 0.8 0.5 1 0.5 0.75 1 0.75 0 0.8 0.8 0.8 0.8 0 0.5 0.75 0.5 0.75 1 0.333333333333333 0.8 0.5 0.5 1 1 0.8 0.8 0.8 0.8
0.5 0 0.8 0.5 0.5 0.8 0.5 0.8 0.5 0.8 0.5 0.8 0.8 0.5 0.5 0.8 0.75 0.5 1 0.75 0.75 0.5 1 0.5 0.5 0.5 0.75 0.8 0 0.8 0.75 1 0.8 0.75 0.5 1 0.5 0.5 0.8 0.5 0.5 0.5 0.75 0.75 0 0.75 0.8 0.5 0.5 0.333333333333333 1 0.8 0.8 0.8 0.8 0.75 0.5 0.333333333333333 0.333333333333333 0.5 0.8 0.75 0 0 0.5 0.8 0 0.75 0.5 0.5 0.8 0.5 0.8 0.5 1 0.5 0.75 1 0.75 0 0.8 0.8 0.8 0.8 0 0.5 0.75 0.5 0.75 1 0.333333333333333 0.8 0.5 0.5 1 1 0.8 0.8 0.8 0.8
0.5 0.5 0.5 0.8 0.8 0.5 0.8 0.5 0.8 0.8 0.8 0.5 0.5 0.8 0.8 0.8 1 0.8 1 1 1 0.8 1 0.8 0 0.8 1 0.8 0.5 0.8 0.333333333333333 0.75 0.5 1 0.8 1 0.8 0.8 0.8 0.8 0.8 0.8 1 1 0.5 1 0.8 0.8 0.8 0.75 0.75 0.8 0.8 0.5 0.8 1 0.8 0.75 0.75 0.8 0.5 1 0.5 0.5 0 0.5 0.5 1 0.8 0.5 0.8 0.8 0.8 0.8 1 0.5 1 1 1 0.5 0.5 0.5 0.5 0.5 0.5 0.8 0.333333333333333 0.8 1 0.75 0.75 0.8 0.5 0.8 1 1 0.5 0.5 0.8 0.5
0.8 0.8 0.5 0.8 0.8 0 0.8 0 0.8 0.8 0.8 0.5 0.5 0.8 0.8 0.8 1 0.8 1 1 1 0.8 1 0.8 0.5 0.8 1 0.8 0.8 0.8 0.75 0.75 0.5 1 0.8 1 0.8 0.8 0.5 0.8 0.8 0.8 1 1 0.8 1 0.8 0.8 0.8 1 0.75 0.8 0.8 0.5 0.5 1 0.8 1 1 0.8 0.5 1 0.8 0.8 0.5 0 0.8 1 0.8 0.8 0.8 0.8 0.8 0.8 1 0.8 1 1 1 0.8 0.5 0.5 0 0.5 0.8 0.8 0.75 0.8 1 0.75 1 0.8 0.8 0.8 1 1 0.5 0.5 0.8 0.5
0.5 0 0.8 0.5 0.5 0.8 0.5 0.8 0.5 0.8 0.5 0.8 0.8 0.5 0.5 0.8 0.75 0.5 1 0.75 0.75 0.5 1 0.5 0.5 0.5 0.75 0.8 0 0.8 0.75 1 0.8 0.75 0.5 1 0.5 0.5 0.8 0.5 0.5 0.5 0.75 0.75 0 0.75 0.8 0.5 0.5 0.333333333333333 1 0.8 0.8 0.8 0.8 0.75 0.5 0.333333333333333 0.333333333333333 0.5 0.8 0.75 0 0 0.5 0.8 0 0.75 0.5 0.5 0.8 0.5 0.8 0.5 1 0.5 0.75 1 0.75 0 0.8 0.8 0.8 0.8 0 0.5 0.75 0.5 0.75 1 0.333333333333333 0.8 0.5 0.5 1 1 0.8 0.8 0.8 0.8
1 0.75 1 0.333333333333333 0.75 1 0.75 1 0.333333333333333 1 0.333333333333333 0.75 1 0.333333333333333 0.75 1 0 0.75 1 0.666666666666667 0.666666666666667 0.333333333333333 1 0.333333333333333 1 0.75 0.666666666666667 1 0.75 1 1 1 0.75 0 0.75 1 0.333333333333333 0.75 1 0.75 0.333333333333333 0.333333333333333 0.666666666666667 0.666666666666667 0.75 0.666666666666667 1 0.75 0.75 0.666666666666667 1 1 1 1 1 0.666666666666667 0.75 0.666666666666667 0.666666666666667 0.75 0.75 0.666666666666667 0.75 0.75 1 1 0.75 0 0.75 1 1 0.75 1 0.75 1 1 0.666666666666667 1 0 0.75 1 1 1 1 0.75 0.333333333333333 1 0.333333333333333 0 1 0.666666666666667 1 1 0.75 1 1 0.75 1 1 1
0.8 0.5 0.5 0.5 0 0.8 0 0.8 0.5 0.5 0.5 0.8 0.8 0.5 0 0.5 0.75 0 0.75 0.333333333333333 0.75 0.5 0.75 0.5 0.8 0 0.333333333333333 0.8 0.5 0.5 1 1 0.8 0.75 0.5 0.75 0.5 0 0.8 0 0.5 0.5 0.333333333333333 0.75 0.5 0.333333333333333 0.5 0 0 0.75 1 0.5 0.5 0.5 0.8 0.75 0 0.75 0.75 0 0.8 0.333333333333333 0.5 0.5 0.8 0.8 0.5 0.75 0 0.8 0.5 0 0.5 0.5 0.75 0.8 0.333333333333333 0.75 0.75 0.5 0.8 0.8 0.8 0.8 0.5 0.5 1 0.5 0.75 1 0.75 0.8 0.8 0 0.75 0.75 0.8 0.8 0.5 0.8
0 0.5 0.8 0.8 0.8 0.8 0.8 0.8 0.8 0.5 0.8 0.8 0.8 0.8 0.8 0.5 1 0.8 0.75 1 1 0.8 0.75 0.8 0.5 0.8 1 0.5 0.5 0.5 0.75 1 0.8 1 0.8 0.75 0.8 0.8 0.5 0.8 0.8 0.8 1 1 0.5 1 0.5 0.8 0.8 0.75 1 0.5 0.5 0.8 0.5 1 0.8 0.75 0.75 0.8 0.8 1 0.5 0.5 0.5 0.8 0.5 1 0.8 0 0.5 0.8 0.5 0.8 0.75 0 1 0.75 1 0.5 0.8 0.8 0.8 0.8 0.5 0.8 0.75 0.8 1 1 0.75 0.5 0 0.8 0.75 0.75 0.8 0.8 0.5 0.8
0.5 0.8 0.5 0.8 0.5 0.8 0.5 0.8 0.8 0 0.8 0.8 0.8 0.8 0.5 0 1 0.5 0.333333333333333 0.75 1 0.8 0.333333333333333 0.8 0.8 0.5 0.75 0.5 0.8 0 1 1 0.8 1 0.8 0.333333333333333 0.8 0.5 0.5 0.5 0.8 0.8 0.75 1 0.8 0.75 0 0.5 0.5 1 1 0 0 0.5 0.5 1 0.5 1 1 0.5 0.8 0.75 0.8 0.8 0.8 0.8 0.8 1 0.5 0.5 0 0.5 0 0.8 0.333333333333333 0.5 0.75 0.333333333333333 1 0.8 0.8 0.8 0.8 0.8 0.8 0.8 1 0.8 1 1 1 0.5 0.5 0.5 0.333333333333333 0.333333333333333 0.8 0.8 0 0.8
0.8 0.5 0.5 0.5 0 0.8 0 0.8 0.5 0.5 0.5 0.8 0.8 0.5 0 0.5 0.75 0 0.75 0.333333333333333 0.75 0.5 0.75 0.5 0.8 0 0.333333333333333 0.8 0.5 0.5 1 1 0.8 0.75 0.5 0.75 0.5 0 0.8 0 0.5 0.5 0.333333333333333 0.75 0.5 0.333333333333333 0.5 0 0 0.75 1 0.5 0.5 0.5 0.8 0.75 0 0.75 0.75 0 0.8 0.333333333333333 0.5 0.5 0.8 0.8 0.5 0.75 0 0.8 0.5 0 0.5 0.5 0.75 0.8 0.333333333333333 0.75 0.75 0.5 0.8 0.8 0.8 0.8 0.5 0.5 1 0.5 0.75 1 0.75 0.8 0.8 0 0.75 0.75 0.8 0.8 0.5 0.8
0.5 0.8 0.5 0.8 0.5 0.8 0.5 0.8 0.8 0 0.8 0.8 0.8 0.8 0.5 0 1 0.5 0.333333333333333 0.75 1 0.8 0.333333333333333 0.8 0.8 0.5 0.75 0.5 0.8 0 1 1 0.8 1 0.8 0.333333333333333 0.8 0.5 0.5 0.5 0.8 0.8 0.75 1 0.8 0.75 0 0.5 0.5 1 1 0 0 0.5 0.5 1 0.5 1 1 0.5 0.8 0.75 0.8 0.8 0.8 0.8 0.8 1 0.5 0.5 0 0.5 0 0.8 0.333333333333333 0.5 0.75 0.333333333333333 1 0.8 0.8 0.8 0.8 0.8 0.8 0.8 1 0.8 1 1 1 0.5 0.5 0.5 0.333333333333333 0.333333333333333 0.8 0.8 0 0.8
0.8 0.5 0.8 0.5 0.5 0.8 0.5 0.8 0.5 0.8 0.5 0.8 0.5 0.5 0.5 0.8 0.75 0.5 1 0.75 0.333333333333333 0.5 1 0.5 0.8 0.5 0.75 0.5 0.5 0.8 1 0.75 0.8 0.75 0 1 0.5 0.5 0.8 0.5 0.5 0.5 0.75 0.333333333333333 0.5 0.75 0.8 0.5 0.5 0.75 0.75 0.8 0.8 0.8 0.8 0.333333333333333 0.5 0.75 0.75 0.5 0.8 0.75 0.5 0.5 0.8 0.8 0.5 0.75 0.5 0.8 0.8 0.5 0.8 0 1 0.8 0.75 1 0.75 0.5 0.5 0.5 0.8 0.5 0.5 0.5 1 0.5 0.75 0.75 0.75 0.5 0.8 0.5 1 1 0.8 0.5 0.8 0.5
0.75 1 0.75 1 0.75 1 0.75 1 1 0.333333333333333 1 1 1 1 0.75 0.333333333333333 1 0.75 0 0.666666666666667 1 1 0 1 1 0.75 0.666666666666667 0.75 1 0.333333333333333 1 1 1 1 1 0 1 0.75 0.75 0.75 1 1 0.666666666666667 1 1 0.666666666666667 0.333333333333333 0.75 0.75 1 1 0.333333333333333 0.333333333333333 0.75 0.75 1 0.75 1 1 0.75 1 0.666666666666667 1 1 1 1 1 1 0.75 0.75 0.333333333333333 0.75 0.333333333333333 1 0 0.75 0.666666666666667 0 1 1 1 1 1 1 1 1 1 1 1 1 1 0.75 0.75 0.75 0 0 1 1 0.333333333333333 1
0 0.5 0.8 0.8 0.8 0.8 0.8 0.8 0.8 0.5 0.8 0.8 0.8 0.8 0.8 0.5 1 0.8 0.75 1 1 0.8 0.75 0.8 0.5 0.8 1 0.5 0.5 0.5 0.75 1 0.8 1 0.8 0.75 0.8 0.8 0.5 0.8 0.8 0.8 1 1 0.5 1 0.5 0.8 0.8 0.75 1 0.5 0.5 0.8 0.5 1 0.8 0.75 0.75 0.8 0.8 1 0.5 0.5 0.5 0.8 0.5 1 0.8 0 0.5 0.8 0.5 0.8 0.75 0 1 0.75 1 0.5 0.8 0.8 0.8 0.8 0.5 0.8 0.75 0.8 1 1 0.75 0.5 0 0.8 0.75 0.75 0.8 0.8 0.5 0.8
1 0.75 0.75 0.75 0.333333333333333 1 0.333333333333333 1 0.75 0.75 0.75 1 1 0.75 0.333333333333333 0.75 0.666666666666667 0.333333333333333 0.666666666666667 0 0.666666666666667 0.75 0.666666666666667 0.75 1 0.333333333333333 0 1 0.75 0.75 1 1 1 0.666666666666667 0.75 0.666666666666667 0.75 0.333333333333333 1 0.333333333333333 0.75 0.75 0 0.666666666666667 0.75 0 0.75 0.333333333333333 0.333333333333333 0.666666666666667 1 0.75 0.75 0.75 1 0.666666666666667 0.333333333333333 0.666666666666667 0.666666666666667 0.333333333333333 1 0 0.75 0.75 1 1 0.75 0.666666666666667 0.333333333333333 1 0.75 0.333333333333333 0.75 0.75 0.666666666666667 1 0 0.666666666666667 0.666666666666667 0.75 1 1 1 1 0.75 0.75 1 0.75 0.666666666666667 1 0.666666666666667 1 1 0.333333333333333 0.666666666666667 0.666666666666667 1 1 0.75 1
0.75 1 0.75 1 0.75 1 0.75 1 1 0.333333333333333 1 1 1 1 0.75 0.333333333333333 1 0.75 0 0.666666666666667 1 1 0 1 1 0.75 0.666666666666667 0.75 1 0.333333333333333 1 1 1 1 1 0 1 0.75 0.75 0.75 1 1 0.666666666666667 1 1 0.666666666666667 0.333333333333333 0.75 0.75 1 1 0.333333333333333 0.333333333333333 0.75 0.75 1 0.75 1 1 0.75 1 0.666666666666667 1 1 1 1 1 1 0.75 0.75 0.333333333333333 0.75 0.333333333333333 1 0 0.75 0.666666666666667 0 1 1 1 1 1 1 1 1 1 1 1 1 1 0.75 0.75 0.75 0 0 1 1 0.333333333333333 1
1 0.75 1 0.333333333333333 0.75 1 0.75 1 0.333333333333333 1 0.333333333333333 0.75 1 0.333333333333333 0.75 1 0 0.75 1 0.666666666666667 0.666666666666667 0.333333333333333 1 0.333333333333333 1 0.75 0.666666666666667 1 0.75 1 1 1 0.75 0 0.75 1 0.333333333333333 0.75 1 0.75 0.333333333333333 0.333333333333333 0.666666666666667 0.666666666666667 0.75 0.666666666666667 1 0.75 0.75 0.666666666666667 1 1 1 1 1 0.666666666666667 0.75 0.666666666666667 0.666666666666667 0.75 0.75 0.666666666666667 0.75 0.75 1 1 0.75 0 0.75 1 1 0.75 1 0.75 1 1 0.666666666666667 1 0 0.75 1 1 1 1 0.75 0.333333333333333 1 0.333333333333333 0 1 0.666666666666667 1 1 0.75 1 1 0.75 1 1 1
0.5 0 0.8 0.5 0.5 0.8 0.5 0.8 0.5 0.8 0.5 0.8 0.8 0.5 0.5 0.8 0.75 0.5 1 0.75 0.75 0.5 1 0.5 0.5 0.5 0.75 0.8 0 0.8 0.75 1 0.8 0.75 0.5 1 0.5 0.5 0.8 0.5 0.5 0.5 0.75 0.75 0 0.75 0.8 0.5 0.5 0.333333333333333 1 0.8 0.8 0.8 0.8 0.75 0.5 0.333333333333333 0.333333333333333 0.5 0.8 0.75 0 0 0.5 0.8 0 0.75 0.5 0.5 0.8 0.5 0.8 0.5 1 0.5 0.75 1 0.75 0 0.8 0.8 0.8 0.8 0 0.5 0.75 0.5 0.75 1 0.333333333333333 0.8 0.5 0.5 1 1 0.8 0.8 0.8 0.8
0.8 0.8 0.5 0.8 0.8 0.5 0.8 0.5 0.8 0.8 0.8 0.5 0 0.8 0.8 0.8 1 0.8 1 1 0.75 0.8 1 0.8 0.5 0.8 1 0.5 0.8 0.8 0.75 0.333333333333333 0.5 1 0.5 1 0.8 0.8 0.8 0.8 0.8 0.8 1 0.75 0.8 1 0.8 0.8 0.8 1 0.333333333333333 0.8 0.8 0.5 0.8 0.75 0.8 1 1 0.8 0.5 1 0.8 0.8 0.5 0.5 0.8 1 0.8 0.8 0.8 0.8 0.8 0.5 1 0.8 1 1 1 0.8 0 0 0.5 0 0.8 0.8 0.75 0.8 1 0.333333333333333 1 0.5 0.8 0.8 1 1 0.5 0 0.8 0
0.8 0.8 0.5 0.8 0.8 0.5 0.8 0.5 0.8 0.8 0.8 0.5 0 0.8 0.8 0.8 1 0.8 1 1 0.75 0.8 1 0.8 0.5 0.8 1 0.5 0.8 0.8 0.75 0.333333333333333 0.5 1 0.5 1 0.8 0.8 0.8 0.8 0.8 0.8 1 0.75 0.8 1 0.8 0.8 0.8 1 0.333333333333333 0.8 0.8 0.5 0.8 0.75 0.8 1 1 0.8 0.5 1 0.8 0.8 0.5 0.5 0.8 1 0.8 0.8 0.8 0.8 0.8 0.5 1 0.8 1 1 1 0.8 0 0 0.5 0 0.8 0.8 0.75 0.8 1 0.333333333333333 1 0.5 0.8 0.8 1 1 0.5 0 0.8 0
0.8 0.8 0.5 0.8 0.8 0 0.8 0 0.8 0.8 0.8 0.5 0.5 0.8 0.8 0.8 1 0.8 1 1 1 0.8 1 0.8 0.5 0.8 1 0.8 0.8 0.8 0.75 0.75 0.5 1 0.8 1 0.8 0.8 0.5 0.8 0.8 0.8 1 1 0.8 1 0.8 0.8 0.8 1 0.75 0.8 0.8 0.5 0.5 1 0.8 1 1 0.8 0.5 1 0.8 0.8 0.5 0 0.8 1 0.8 0.8 0.8 0.8 0.8 0.8 1 0.8 1 1 1 0.8 0.5 0.5 0 0.5 0.8 0.8 0.75 0.8 1 0.75 1 0.8 0.8 0.8 1 1 0.5 0.5 0.8 0.5
0.8 0.8 0.5 0.8 0.8 0.5 0.8 0.5 0.8 0.8 0.8 0.5 0 0.8 0.8 0.8 1 0.8 1 1 0.75 0.8 1 0.8 0.5 0.8 1 0.5 0.8 0.8 0.75 0.333333333333333 0.5 1 0.5 1 0.8 0.8 0.8 0.8 0.8 0.8 1 0.75 0.8 1 0.8 0.8 0.8 1 0.333333333333333 0.8 0.8 0.5 0.8 0.75 0.8 1 1 0.8 0.5 1 0.8 0.8 0.5 0.5 0.8 1 0.8 0.8 0.8 0.8 0.8 0.5 1 0.8 1 1 1 0.8 0 0 0.5 0 0.8 0.8 0.75 0.8 1 0.333333333333333 1 0.5 0.8 0.8 1 1 0.5 0 0.8 0
0.5 0 0.8 0.5 0.5 0.8 0.5 0.8 0.5 0.8 0.5 0.8 0.8 0.5 0.5 0.8 0.75 0.5 1 0.75 0.75 0.5 1 0.5 0.5 0.5 0.75 0.8 0 0.8 0.75 1 0.8 0.75 0.5 1 0.5 0.5 0.8 0.5 0.5 0.5 0.75 0.75 0 0.75 0.8 0.5 0.5 0.333333333333333 1 0.8 0.8 0.8 0.8 0.75 0.5 0.333333333333333 0.333333333333333 0.5 0.8 0.75 0 0 0.5 0.8 0 0.75 0.5 0.5 0.8 0.5 0.8 0.5 1 0.5 0.75 1 0.75 0 0.8 0.8 0.8 0.8 0 0.5 0.75 0.5 0.75 1 0.333333333333333 0.8 0.5 0.5 1 1 0.8 0.8 0.8 0.8
0.8 0.5 0.8 0 0.5 0.8 0.5 0.8 0 0.8 0 0.5 0.8 0 0.5 0.8 0.333333333333333 0.5 1 0.75 0.75 0 1 0 0.8 0.5 0.75 0.8 0.5 0.8 1 1 0.5 0.333333333333333 0.5 1 0 0.5 0.8 0.5 0 0 0.75 0.75 0.5 0.75 0.8 0.5 0.5 0.75 1 0.8 0.8 0.8 0.8 0.75 0.5 0.75 0.75 0.5 0.5 0.75 0.5 0.5 0.8 0.8 0.5 0.333333333333333 0.5 0.8 0.8 0.5 0.8 0.5 1 0.8 0.75 1 0.333333333333333 0.5 0.8 0.8 0.8 0.8 0.5 0 1 0 0.333333333333333 1 0.75 0.8 0.8 0.5 1 1 0.5 0.8 0.8 0.8
0.75 0.75 0.75 1 1 0.75 1 0.75 1 1 1 0.75 0.75 1 1 1 1 1 1 1 1 1 1 1 0.333333333333333 1 1 1 0.75 1 0 0.666666666666667 0.75 1 1 1 1 1 1 1 1 1 1 1 0.75 1 1 1 1 0.666666666666667 0.666666666666667 1 1 0.75 1 1 1 0.666666666666667 0.666666666666667 1 0.75 1 0.75 0.75 0.333333333333333 0.75 0.75 1 1 0.75 1 1 1 1 1 0.75 1 1 1 0.75 0.75 0.75 0.75 0.75 0.75 1 0 1 1 0.666666666666667 0.666666666666667 1 0.75 1 1 1 0.75 0.75 1 0.75
0.8 0.5 0.8 0 0.5 0.8 0.5 0.8 0 0.8 0 0.5 0.8 0 0.5 0.8 0.333333333333333 0.5 1 0.75 0.75 0 1 0 0.8 0.5 0.75 0.8 0.5 0.8 1 1 0.5 0.333333333333333 0.5 1 0 0.5 0.8 0.5 0 0 0.75 0.75 0.5 0.75 0.8 0.5 0.5 0.75 1 0.8 0.8 0.8 0.8 0.75 0.5 0.75 0.75 0.5 0.5 0.75 0.5 0.5 0.8 0.8 0.5 0.333333333333333 0.5 0.8 0.8 0.5 0.8 0.5 1 0.8 0.75 1 0.333333333333333 0.5 0.8 0.8 0.8 0.8 0.5 0 1 0 0.333333333333333 1 0.75 0.8 0.8 0.5 1 1 0.5 0.8 0.8 0.8
1 0.75 1 0.333333333333333 0.75 1 0.75 1 0.333333333333333 1 0.333333333333333 0.75 1 0.333333333333333 0.75 1 0 0.75 1 0.666666666666667 0.666666666666667 0.333333333333333 1 0.333333333333333 1 0.75 0.666666666666667 1 0.75 1 1 1 0.75 0 0.75 1 0.333333333333333 0.75 1 0.75 0.333333333333333 0.333333333333333 0.666666666666667 0.666666666666667 0.75 0.666666666666667 1 0.75 0.75 0.666666666666667 1 1 1 1 1 0.666666666666667 0.75 0.666666666666667 0.666666666666667 0.75 0.75 0.666666666666667 0.75 0.75 1 1 0.75 0 0.75 1 1 0.75 1 0.75 1 1 0.666666666666667 1 0 0.75 1 1 1 1 0.75 0.333333333333333 1 0.333333333333333 0 1 0.666666666666667 1 1 0.75 1 1 0.75 1 1 1
1 1 0.75 1 1 0.75 1 0.75 1 1 1 0.75 0.333333333333333 1 1 1 1 1 1 1 0.666666666666667 1 1 1 0.75 1 1 0.75 1 1 0.666666666666667 0 0.75 1 0.75 1 1 1 1 1 1 1 1 0.666666666666667 1 1 1 1 1 1 0 1 1 0.75 1 0.666666666666667 1 1 1 1 0.75 1 1 1 0.75 0.75 1 1 1 1 1 1 1 0.75 1 1 1 1 1 1 0.333333333333333 0.333333333333333 0.75 0.333333333333333 1 1 0.666666666666667 1 1 0 1 0.75 1 1 1 1 0.75 0.333333333333333 1 0.333333333333333
0.75 0.333333333333333 1 0.75 0.75 1 0.75 1 0.75 1 0.75 1 1 0.75 0.75 1 0.666666666666667 0.75 1 0.666666666666667 0.666666666666667 0.75 1 0.75 0.75 0.75 0.666666666666667 1 0.333333333333333 1 0.666666666666667 1 1 0.666666666666667 0.75 1 0.75 0.75 1 0.75 0.75 0.75 0.666666666666667 0.666666666666667 0.333333333333333 0.666666666666667 1 0.75 0.75 0 1 1 1 1 1 0.666666666666667 0.75 0 0 0.75 1 0.666666666666667 0.333333333333333 0.333333333333333 0.75 1 0.333333333333333 0.666666666666667 0.75 0.75 1 0.75 1 0.75 1 0.75 0.666666666666667 1 0.666666666666667 0.333333333333333 1 1 1 1 0.333333333333333 0.75 0.666666666666667 0.75 0.666666666666667 1 0 1 0.75 0.75 1 1 1 1 1 1
0.5 0.8 0.8 0.8 0.8 0.8 0.8 0.8 0.8 0.5 0.8 0.8 0.5 0.8 0.8 0.5 1 0.8 0.75 1 0.75 0.8 0.75 0.8 0.8 0.8 1 0 0.8 0.5 1 0.75 0.8 1 0.5 0.75 0.8 0.8 0.5 0.8 0.8 0.8 1 0.75 0.8 1 0.5 0.8 0.8 1 0.75 0.5 0.5 0.8 0.5 0.75 0.8 1 1 0.8 0.8 1 0.8 0.8 0.8 0.8 0.8 1 0.8 0.5 0.5 0.8 0.5 0.5 0.75 0.5 1 0.75 1 0.8 0.5 0.5 0.8 0.5 0.8 0.8 1 0.8 1 0.75 1 0 0.5 0.8 0.75 0.75 0.8 0.5 0.5 0.5
0 0.5 0.8 0.8 0.8 0.8 0.8 0.8 0.8 0.5 0.8 0.8 0.8 0.8 0.8 0.5 1 0.8 0.75 1 1 0.8 0.75 0.8 0.5 0.8 1 0.5 0.5 0.5 0.75 1 0.8 1 0.8 0.75 0.8 0.8 0.5 0.8 0.8 0.8 1 1 0.5 1 0.5 0.8 0.8 0.75 1 0.5 0.5 0.8 0.5 1 0.8 0.75 0.75 0.8 0.8 1 0.5 0.5 0.5 0.8 0.5 1 0.8 0 0.5 0.8 0.5 0.8 0.75 0 1 0.75 1 0.5 0.8 0.8 0.8 0.8 0.5 0.8 0.75 0.8 1 1 0.75 0.5 0 0.8 0.75 0.75 0.8 0.8 0.5 0.8
0.8 0.5 0.5 0.5 0 0.8 0 0.8 0.5 0.5 0.5 0.8 0.8 0.5 0 0.5 0.75 0 0.75 0.333333333333333 0.75 0.5 0.75 0.5 0.8 0 0.333333333333333 0.8 0.5 0.5 1 1 0.8 0.75 0.5 0.75 0.5 0 0.8 0 0.5 0.5 0.333333333333333 0.75 0.5 0.333333333333333 0.5 0 0 0.75 1 0.5 0.5 0.5 0.8 0.75 0 0.75 0.75 0 0.8 0.333333333333333 0.5 0.5 0.8 0.8 0.5 0.75 0 0.8 0.5 0 0.5 0.5 0.75 0.8 0.333333333333333 0.75 0.75 0.5 0.8 0.8 0.8 0.8 0.5 0.5 1 0.5 0.75 1 0.75 0.8 0.8 0 0.75 0.75 0.8 0.8 0.5 0.8
0.75 1 0.75 1 0.75 1 0.75 1 1 0.333333333333333 1 1 1 1 0.75 0.333333333333333 1 0.75 0 0.666666666666667 1 1 0 1 1 0.75 0.666666666666667 0.75 1 0.333333333333333 1 1 1 1 1 0 1 0.75 0.75 0.75 1 1 0.666666666666667 1 1 0.666666666666667 0.333333333333333 0.75 0.75 1 1 0.333333333333333 0.333333333333333 0.75 0.75 1 0.75 1 1 0.75 1 0.666666666666667 1 1 1 1 1 1 0.75 0.75 0.333333333333333 0.75 0.333333333333333 1 0 0.75 0.666666666666667 0 1 1 1 1 1 1 1 1 1 1 1 1 1 0.75 0.75 0.75 0 0 1 1 0.333333333333333 1
0.75 1 0.75 1 0.75 1 0.75 1 1 0.333333333333333 1 1 1 1 0.75 0.333333333333333 1 0.75 0 0.666666666666667 1 1 0 1 1 0.75 0.666666666666667 0.75 1 0.333333333333333 1 1 1 1 1 0 1 0.75 0.75 0.75 1 1 0.666666666666667 1 1 0.666666666666667 0.333333333333333 0.75 0.75 1 1 0.333333333333333 0.333333333333333 0.75 0.75 1 0.75 1 1 0.75 1 0.666666666666667 1 1 1 1 1 1 0.75 0.75 0.333333333333333 0.75 0.333333333333333 1 0 0.75 0.666666666666667 0 1 1 1 1 1 1 1 1 1 1 1 1 1 0.75 0.75 0.75 0 0 1 1 0.333333333333333 1
0.8 0.8 0.5 0.5 0.8 0.5 0.8 0.5 0.5 0.8 0.5 0 0.5 0.5 0.8 0.8 0.75 0.8 1 1 1 0.5 1 0.5 0.5 0.8 1 0.8 0.8 0.8 0.75 0.75 0 0.75 0.8 1 0.5 0.8 0.8 0.8 0.5 0.5 1 1 0.8 1 0.8 0.8 0.8 1 0.75 0.8 0.8 0.5 0.8 1 0.8 1 1 0.8 0 1 0.8 0.8 0.5 0.5 0.8 0.75 0.8 0.8 0.8 0.8 0.8 0.8 1 0.8 1 1 0.75 0.8 0.5 0.5 0.5 0.5 0.8 0.5 0.75 0.5 0.75 0.75 1 0.8 0.8 0.8 1 1 0 0.5 0.8 0.5
0.8 0.8 0.5 0.8 0.8 0.5 0.8 0.5 0.8 0.8 0.8 0.5 0 0.8 0.8 0.8 1 0.8 1 1 0.75 0.8 1 0.8 0.5 0.8 1 0.5 0.8 0.8 0.75 0.333333333333333 0.5 1 0.5 1 0.8 0.8 0.8 0.8 0.8 0.8 1 0.75 0.8 1 0.8 0.8 0.8 1 0.333333333333333 0.8 0.8 0.5 0.8 0.75 0.8 1 1 0.8 0.5 1 0.8 0.8 0.5 0.5 0.8 1 0.8 0.8 0.8 0.8 0.8 0.5 1 0.8 1 1 1 0.8 0 0 0.5 0 0.8 0.8 0.75 0.8 1 0.333333333333333 1 0.5 0.8 0.8 1 1 0.5 0 0.8 0
0.5 0.8 0.5 0.8 0.5 0.8 0.5 0.8 0.8 0 0.8 0.8 0.8 0.8 0.5 0 1 0.5 0.333333333333333 0.75 1 0.8 0.333333333333333 0.8 0.8 0.5 0.75 0.5 0.8 0 1 1 0.8 1 0.8 0.333333333333333 0.8 0.5 0.5 0.5 0.8 0.8 0.75 1 0.8 0.75 0 0.5 0.5 1 1 0 0 0.5 0.5 1 0.5 1 1 0.5 0.8 0.75 0.8 0.8 0.8 0.8 0.8 1 0.5 0.5 0 0.5 0 0.8 0.333333333333333 0.5 0.75 0.333333333333333 1 0.8 0.8 0.8 0.8 0.8 0.8 0.8 1 0.8 1 1 1 0.5 0.5 0.5 0.333333333333333 0.333333333333333 0.8 0.8 0 0.8
0.8 0.8 0.5 0.8 0.8 0.5 0.8 0.5 0.8 0.8 0.8 0.5 0 0.8 0.8 0.8 1 0.8 1 1 0.75 0.8 1 0.8 0.5 0.8 1 0.5 0.8 0.8 0.75 0.333333333333333 0.5 1 0.5 1 0.8 0.8 0.8 0.8 0.8 0.8 1 0.75 0.8 1 0.8 0.8 0.8 1 0.333333333333333 0.8 0.8 0.5 0.8 0.75 0.8 1 1 0.8 0.5 1 0.8 0.8 0.5 0.5 0.8 1 0.8 0.8 0.8 0.8 0.8 0.5 1 0.8 1 1 1 0.8 0 0 0.5 0 0.8 0.8 0.75 0.8 1 0.333333333333333 1 0.5 0.8 0.8 1 1 0.5 0 0.8 0
